Temps de survie (en mois)
6.9
25.5
9.3
7.5
48.5
2.2
1.8
5.5
4.7
27.3
27.2
24.9
1.9
3.9
2.7
21.9
25.2
7.4
11.8
54.2
41.6
8.4
8.6
13.4
5.8
26.8
30.3
2.3
7.2
0.5
21.8
8.4
50.2
4.6
46.6
7.6
0.9
42.8
5
2.6
9.9
7.3
14.6
0.4
17
4.2
7.2
23.8
6.6
28.2
4.2
10.6
40.7
68.5
11.8
28.2
6.6
6.2
2.9
6.4
8.7
8.5
7.2
5.2
3.4
4.5
46.1
9.6
2.8
10.5
8.1
19.4
63.6
23
18.1
9.9
8.8
5
24.4
1.3
13.2
29.6
17.8
1.5
2.9
4.2
13.5
16
1.1
1.7
1.7
31.6
1.5
17.2
33.5
37.6
14.3
16.7
2.7
30.1
4.7
8.3
9.4
7.4
3.9
7.5
4.8
16
11.6
7.9
6.4
5.7
3
33.6
1.1
4.7
118.3
11.2
10
16.5
21.6
8.5
10.7
3
7.1
8.9
24.4
16.9
188.1
4.8
28
17.2
39.6
1.4
11.5
3
25.7
6.4
13.7
17.1
13.9
7.3
11.5
4.9
5.5
2.2
17.9
11
32.3
3.7
10
7.2
16.8
14.5
4.6
2
19.3
11
3.5
7.5
2.6
5.6
41.9
11.9
7.1
15.7
5.4
1.7
13
15.3
3.2
9.3
5.8
8.7
15.7
5.3
13.2
6.4
7
18.4
3.4
7.8
5.3
3.2
57.2
19.9
21.8
6.3
7.4
14.9
7.9
7.2
5.1
15.2
24.3
44.3
120.5
11.2
32.5
9.5
9.4
22.7
115.7
3.8
19.5
0.8
6.7
16.1
17.7
19.4
9.7
15.5
3.6
6.8
20.1
37.2
5.4
6.7
123.4
13.8
13.1
4.2
30.4
6.3
6
17.7
12.2
2.6
1.3
2.6
11.9
20.7
17.2
7.5
2.3
56.9
3
18.3
7.7
9.5
57.3
46.2
10.3
20.2
15.4
8.2
9.7
32.3
1.9
2.3
