Avg Temp (?C)	Avg Temp (?F)	Avg Wind (mph)	Precip (in)	Day	Month	Season
3.44	38.192	2.59	0.48	1	1	Winter
2.1	35.78	5.14	0.04	2	1	Winter
1.37	34.466	1.52	0	3	1	Winter
3.16	37.688	1.08	0	4	1	Winter
10.51	50.918	1.68	0.21	5	1	Winter
13.08	55.544	3.42	0.53	6	1	Winter
4.29	39.722	3.13	0.01	7	1	Winter
2.98	37.364	4.38	0.86	8	1	Winter
-0.21	31.622	2.98	0	9	1	Winter
-4.36	24.152	4.47	0.01	10	1	Winter
-5.74	21.668	2.37	0	11	1	Winter
3.01	37.418	2.23	0	12	1	Winter
2.69	36.842	2.14	0.22	13	1	Winter
-0.33	31.406	1.67	0.21	14	1	Winter
0.67	33.206	2.39	1.07	15	1	Winter
-5.24	22.568	4.82	0.03	16	1	Winter
-13.64	7.448	2.6	0	17	1	Winter
-5.81	21.542	2.49	0	18	1	Winter
-1.41	29.462	3.55	0.03	19	1	Winter
-7.9	17.78	6.53	0	20	1	Winter
-12	10.4	2.2	0	21	1	Winter
-7.13	19.166	1.5	0.02	22	1	Winter
-6.43	20.426	1.38	0.01	23	1	Winter
-3.5	25.7	3.03	0	24	1	Winter
-12.22	10.004	3.22	0	25	1	Winter
-18.27	-0.886	2.82	0	26	1	Winter
-10.77	12.614	1.19	0.03	27	1	Winter
-4.49	23.918	2.29	0.04	28	1	Winter
-9.89	14.198	3.34	0	29	1	Winter
-7.83	17.906	2	0	30	1	Winter
-6.88	19.616	2.59	0	31	1	Winter
-5.3	22.46	1.81	0	1	2	Winter
-2.46	27.572	1.28	0.27	2	2	Winter
-7.16	19.112	4.36	0	3	2	Winter
-11.23	11.786	3.91	0	4	2	Winter
-14.12	6.584	4.74	0	5	2	Winter
-11.65	11.03	3.98	0	6	2	Winter
-12.81	8.942	3.24	0	7	2	Winter
-9.15	15.53	4.21	0	8	2	Winter
-9.36	15.152	4.81	0	9	2	Winter
-8.56	16.592	2.84	0	10	2	Winter
-7.24	18.968	2.3	0	11	2	Winter
-5.4	22.28	4.06	0	12	2	Winter
-14.03	6.746	2.54	0.05	13	2	Winter
-11.61	11.102	4.19	2.01	14	2	Winter
-14.36	6.152	5.59	0.06	15	2	Winter
-9.48	14.936	4.76	0	16	2	Winter
-6.79	19.778	2.88	0	17	2	Winter
-7.26	18.932	3.45	0	18	2	Winter
-13.86	7.052	3.38	0	19	2	Winter
-1.89	28.598	1.27	0	20	2	Winter
0.04	32.072	2.3	0	21	2	Winter
-2.05	28.31	1.36	0.3	22	2	Winter
-6.68	19.976	3.55	0.07	23	2	Winter
-9.51	14.882	3.87	0	24	2	Winter
-7.46	18.572	2.03	0	25	2	Winter
-2.83	26.906	1.6	0.08	26	2	Winter
-1.99	28.418	0.8	0.05	27	2	Winter
-0.78	30.596	1.95	0	28	2	Winter
-3.93	24.926	1.87	0.04	1	3	Winter
-0.12	31.784	4.27	1.07	2	3	Winter
-0.38	31.316	1.4	0.19	3	3	Winter
-2.33	27.806	4.09	0	4	3	Winter
-4.65	23.63	4.82	0.08	5	3	Winter
-16.58	2.156	6.03	0	6	3	Winter
-13.58	7.556	2.6	0	7	3	Winter
-12.18	10.076	4.05	0	8	3	Winter
-10.73	12.686	1.52	0	9	3	Winter
1.08	33.944	2.88	0.39	10	3	Winter
1.98	35.564	2.97	0.03	11	3	Winter
1.82	35.276	1.63	0	12	3	Winter
5.64	42.152	1.87	0	13	3	Winter
8.87	47.966	1.45	0.2	14	3	Winter
3.06	37.508	2.5	0.54	15	3	Winter
-5.33	22.406	2.94	1.04	16	3	Winter
-6	21.2	3.72	0.46	17	3	Winter
-5.6	21.92	5.11	0.02	18	3	Winter
-2.21	28.022	3.63	0.11	19	3	Winter
-0.65	30.83	4.8	0.01	20	3	Winter
-3.01	26.582	2.78	0	21	3	Spring
7.72	45.896	3.52	0.11	22	3	Spring
5.71	42.278	3.29	0	23	3	Spring
2.78	37.004	1.5	0.31	24	3	Spring
1.86	35.348	1.69	0.01	25	3	Spring
1.82	35.276	1.96	0.67	26	3	Spring
6.38	43.484	1.11	0.01	27	3	Spring
5.83	42.494	4.06	0	28	3	Spring
1.57	34.826	4.99	0	29	3	Spring
4.05	39.29	2.75	0	30	3	Spring
2.62	36.716	2.41	0	31	3	Spring
4.1	39.38	2.46	0.31	1	4	Spring
3.84	38.912	3.38	0.02	2	4	Spring
5.68	42.224	3.27	0	3	4	Spring
0.33	32.594	4.91	0.83	4	4	Spring
-1.4	29.48	2.95	0.13	5	4	Spring
-3.45	25.79	3.07	0	6	4	Spring
-2.54	27.428	2.86	0	7	4	Spring
-2.42	27.644	4.11	0	8	4	Spring
0.01	32.018	4.59	0	9	4	Spring
0.43	32.774	2.85	0	10	4	Spring
2.21	35.978	1.62	0	11	4	Spring
0.97	33.746	2.93	0.86	12	4	Spring
2.31	36.158	4.43	0.08	13	4	Spring
3.02	37.436	3.16	0	14	4	Spring
1.42	34.556	3.6	1.58	15	4	Spring
5.09	41.162	3.98	1.2	16	4	Spring
3.35	38.03	3.7	0.15	17	4	Spring
4.11	39.398	2.69	0.02	18	4	Spring
9.26	48.668	2.55	0.01	19	4	Spring
9.21	48.578	2.67	0	20	4	Spring
10.89	51.602	2.23	0	21	4	Spring
13.92	57.056	1.89	0	22	4	Spring
19.96	67.928	3.12	0.07	23	4	Spring
13.3	55.94	3.83	0	24	4	Spring
5.42	41.756	1.12	0.35	25	4	Spring
9.16	48.488	2.21	0.01	26	4	Spring
9.08	48.344	2.67	0.2	27	4	Spring
12.12	53.816	1.85	0	28	4	Spring
9.54	49.172	1.8	0.02	29	4	Spring
10.82	51.476	3.43	0.05	30	4	Spring
10.57	51.026	2.31	0.01	1	5	Spring
10.14	50.252	2.47	0.13	2	5	Spring
8.98	48.164	2.79	0	3	5	Spring
9.21	48.578	2.84	0	4	5	Spring
9.24	48.632	2.55	0	5	5	Spring
8.07	46.526	3.1	0	6	5	Spring
10.86	51.548	1.8	0	7	5	Spring
15.89	60.602	1.89	0	8	5	Spring
18.66	65.588	1.49	0	9	5	Spring
20.42	68.756	1.73	0.33	10	5	Spring
17.78	64.004	1.21	0.46	11	5	Spring
13.25	55.85	2.34	0	12	5	Spring
9.06	48.308	2.54	0	13	5	Spring
11.23	52.214	1.81	0	14	5	Spring
16.4	61.52	1.84	0.39	15	5	Spring
15.59	60.062	1.24	0.44	16	5	Spring
8.61	47.498	1.86	0	17	5	Spring
8.7	47.66	1.36	0	18	5	Spring
8.03	46.454	1.49	0.42	19	5	Spring
12.58	54.644	1.42	1.08	20	5	Spring
9.77	49.586	2.12	0.04	21	5	Spring
10.82	51.476	1.61	0	22	5	Spring
15.43	59.774	1.32	0	23	5	Spring
19.21	66.578	1.32	0	24	5	Spring
20.68	69.224	1.44	0	25	5	Spring
19.59	67.262	1.99	0	26	5	Spring
17.7	63.86	1.31	0.71	27	5	Spring
17.83	64.094	2.16	0.01	28	5	Spring
14.24	57.632	1.96	0	29	5	Spring
17.61	63.698	1.33	0	30	5	Spring
19.07	66.326	0.76	0.11	31	5	Spring
20.73	69.314	1.45	0	1	6	Spring
20.56	69.008	0.9	0.01	2	6	Spring
17.41	63.338	1.21	0.33	3	6	Spring
13.88	56.984	1.88	0.79	4	6	Spring
17.22	62.996	1.83	0.35	5	6	Spring
8.88	47.984	2.57	0	6	6	Spring
12.09	53.762	1.18	0	7	6	Spring
21.1	69.98	1.06	0	8	6	Spring
20.77	69.386	1.39	0	9	6	Spring
16.09	60.962	1.11	0	10	6	Spring
17.87	64.166	1.1	0.4	11	6	Spring
18.05	64.49	1.06	0	12	6	Spring
14.42	57.956	1.17	0	13	6	Spring
15.23	59.414	1.29	0	14	6	Spring
16.38	61.484	1.13	0	15	6	Spring
18.14	64.652	1.12	0	16	6	Spring
18.91	66.038	1.05	0.15	17	6	Spring
18.72	65.696	1.08	0.01	18	6	Spring
21.95	71.51	1.26	0.13	19	6	Spring
18.41	65.138	2.29	0.01	20	6	Spring
16.2	61.16	1.82	0.02	21	6	Summer
12.32	54.176	1.85	0.68	22	6	Summer
12.96	55.328	2.24	0	23	6	Summer
14.85	58.73	1.48	0	24	6	Summer
21.14	70.052	1.36	0	25	6	Summer
23.2	73.76	1.38	0	26	6	Summer
22.91	73.238	1.1	0.35	27	6	Summer
21.65	70.97	1.9	0	28	6	Summer
16.03	60.854	1.29	0	29	6	Summer
15.23	59.414	1.49	0	30	6	Summer
13.64	56.552	1.63	0	1	7	Summer
13.19	55.742	1.78	0.01	2	7	Summer
15.18	59.324	1.31	0	3	7	Summer
15.09	59.162	1.28	0.48	4	7	Summer
19.91	67.838	0.9	0.59	5	7	Summer
18.06	64.508	1.05	0.47	6	7	Summer
18.09	64.562	1.61	0.02	7	7	Summer
20.24	68.432	1.15	0.01	8	7	Summer
22.62	72.716	1.36	0.43	9	7	Summer
24.77	76.586	0.93	0	10	7	Summer
23.03	73.454	1.73	0.68	11	7	Summer
17.18	62.924	1.77	0.01	12	7	Summer
17.37	63.266	1.42	0	13	7	Summer
17.83	64.094	1.19	0	14	7	Summer
19.76	67.568	1.5	0.2	15	7	Summer
18.18	64.724	1.37	0.06	16	7	Summer
19.41	66.938	1.05	0.01	17	7	Summer
17.71	63.878	0.98	0.98	18	7	Summer
18.98	66.164	0.5	0.27	19	7	Summer
18.36	65.048	2.11	0.1	20	7	Summer
16.72	62.096	1.78	0	21	7	Summer
16.86	62.348	1.38	0.01	22	7	Summer
16.3	61.34	1.65	0.09	23	7	Summer
18.2	64.76	1.1	0	24	7	Summer
20.02	68.036	0.93	0	25	7	Summer
21.62	70.916	0.78	0	26	7	Summer
23.4	74.12	1.23	0.01	27	7	Summer
20.39	68.702	0.85	0.04	28	7	Summer
21.47	70.646	0.94	0.01	29	7	Summer
21.28	70.304	1.02	0	30	7	Summer
20.42	68.756	1.3	0.01	31	7	Summer
21.53	70.754	1.28	0	1	8	Summer
22.64	72.752	0.91	0	2	8	Summer
22.36	72.248	1.2	0.66	3	8	Summer
21.22	70.196	1.63	0.01	4	8	Summer
16.96	62.528	1.38	0	5	8	Summer
19.94	67.892	1.19	0.01	6	8	Summer
21.84	71.312	0.76	0.05	7	8	Summer
23.77	74.786	2.57	0.47	8	8	Summer
19.24	66.632	1.06	0.01	9	8	Summer
13.82	56.876	0.92	0.59	10	8	Summer
17.62	63.716	1.17	0	11	8	Summer
19.91	67.838	0.89	0.01	12	8	Summer
18.69	65.642	1.13	0.38	13	8	Summer
15.04	59.072	1.17	0	14	8	Summer
17.65	63.77	1.22	0	15	8	Summer
20.88	69.584	1.65	0	16	8	Summer
18.69	65.642	2.06	0.2	17	8	Summer
13.78	56.804	2.86	0	18	8	Summer
13.12	55.616	1.2	0	19	8	Summer
12.74	54.932	0.93	0	20	8	Summer
13.36	56.048	1.04	0	21	8	Summer
14.57	58.226	1.05	0	22	8	Summer
18.87	65.966	1.31	0	23	8	Summer
23.56	74.408	1.51	0	24	8	Summer
24.77	76.586	1.3	1.03	25	8	Summer
19.73	67.514	1.37	0	26	8	Summer
18.68	65.624	1.07	0.01	27	8	Summer
18.35	65.03	0.91	0	28	8	Summer
20.66	69.188	0.9	0.01	29	8	Summer
21.53	70.754	0.94	0	30	8	Summer
16.15	61.07	1.61	0	31	8	Summer
13.08	55.544	1.7	0	1	9	Summer
13.21	55.778	0.9	0	2	9	Summer
17.57	63.626	1.52	0	3	9	Summer
15.59	60.062	1.53	0	4	9	Summer
13.18	55.724	1.25	0	5	9	Summer
18.61	65.498	1.36	0	6	9	Summer
22.95	73.31	1.46	0	7	9	Summer
23.4	74.12	1.23	0.91	8	9	Summer
19.46	67.028	0.91	0.85	9	9	Summer
17.64	63.752	0.94	0.02	10	9	Summer
16.41	61.538	1.37	2.75	11	9	Summer
14.54	58.172	2.99	0	12	9	Summer
12.45	54.41	0.98	0	13	9	Summer
15.05	59.09	1.77	0	14	9	Summer
12.95	55.31	2.3	0.17	15	9	Summer
8.22	46.796	1.32	0	16	9	Summer
9.32	48.776	1.17	0	17	9	Summer
10.62	51.116	1.1	0	18	9	Summer
12.23	54.014	0.94	0	19	9	Summer
15.29	59.522	1.19	0	20	9	Summer
17.63	63.734	0.72	0	21	9	Fall
18.79	65.822	1.53	0.08	22	9	Fall
14.69	58.442	1.89	0	23	9	Fall
14.43	57.974	1.35	0	24	9	Fall
17.11	62.798	1.08	0	25	9	Fall
21.75	71.15	1.23	0	26	9	Fall
20.88	69.584	0.88	0.01	27	9	Fall
15.71	60.278	1.98	0.17	28	9	Fall
12.71	54.878	1.69	0.01	29	9	Fall
10.3	50.54	0.95	0	30	9	Fall
10.07	50.126	0.62	0	1	10	Fall
15.29	59.522	1.3	0	2	10	Fall
17.11	62.798	1.26	0	3	10	Fall
18.39	65.102	1.43	0	4	10	Fall
17.95	64.31	1.02	0	5	10	Fall
19.28	66.704	0.97	1.44	6	10	Fall
14.74	58.532	1.85	0	7	10	Fall
16.49	61.682	1.35	0.44	8	10	Fall
13.99	57.182	0.37	0.89	9	10	Fall
12.57	54.626	0.12	0.05	10	10	Fall
12.63	54.734	0.34	0.93	11	10	Fall
7.85	46.13	1.7	0.19	12	10	Fall
6.69	44.042	1.46	0.22	13	10	Fall
7.98	46.364	2.59	0.02	14	10	Fall
9.4	48.92	1.81	0.01	15	10	Fall
6.98	44.564	1.96	0	16	10	Fall
9.5	49.1	0.9	0	17	10	Fall
15.76	60.368	0.88	0	18	10	Fall
19.19	66.542	2	0.94	19	10	Fall
14.4	57.92	2.09	0.11	20	10	Fall
15.25	59.45	2.17	0	21	10	Fall
15.06	59.108	1.1	0	22	10	Fall
17.46	63.428	3.4	0.42	23	10	Fall
9.33	48.794	1.32	0.14	24	10	Fall
8.97	48.146	1.7	0.04	25	10	Fall
9.18	48.524	3	0.21	26	10	Fall
12.97	55.346	2.55	1.51	27	10	Fall
6.46	43.628	3.9	0	28	10	Fall
1.38	34.484	1.71	0	29	10	Fall
6.17	43.106	1.53	0	30	10	Fall
9.1	48.38	2.85	0	31	10	Fall
8.89	48.002	3.16	0	1	11	Fall
4.15	39.47	1.94	0	2	11	Fall
4.17	39.506	2.91	0	3	11	Fall
3.88	38.984	2.02	0	4	11	Fall
6.07	42.926	2.12	0	5	11	Fall
4.39	39.902	2.3	0.64	6	11	Fall
2.65	36.77	3.08	0	7	11	Fall
-0.29	31.478	1.17	0	8	11	Fall
0.76	33.368	1.58	0	9	11	Fall
0.71	33.278	2.34	0	10	11	Fall
-1.7	28.94	3.14	0	11	11	Fall
0.53	32.954	1.63	0.11	12	11	Fall
5.76	42.368	1.87	0.15	13	11	Fall
6.6	43.88	2.96	0.13	14	11	Fall
6.3	43.34	2.5	1.56	15	11	Fall
1	33.8	4.43	0.03	16	11	Fall
-1.5	29.3	2.66	0.02	17	11	Fall
-2.34	27.788	1.54	0	18	11	Fall
-0.46	31.172	2.95	0	19	11	Fall
0.08	32.144	1.9	0.16	20	11	Fall
4.01	39.218	1.75	0.23	21	11	Fall
8.93	48.074	3.42	0.2	22	11	Fall
-3.56	25.592	3.91	0	23	11	Fall
-5.62	21.884	1.66	0	24	11	Fall
-1.14	29.948	1.06	0	25	11	Fall
3.97	39.146	1.84	0.61	26	11	Fall
5.17	41.306	4.03	0.24	27	11	Fall
-0.88	30.416	2.45	0	28	11	Fall
2.49	36.482	4.82	0.1	29	11	Fall
-0.75	30.65	3.75	0.04	30	11	Fall
-7.2	19.04	4.41	0.04	1	12	Fall
-8.33	17.006	2.37	0.02	2	12	Fall
-2.79	26.978	4.49	1.02	3	12	Fall
-7.55	18.41	3.62	0.1	4	12	Fall
-6.3	20.66	1.8	0.8	5	12	Fall
-8.24	17.168	2.37	0	6	12	Fall
-6.18	20.876	1.7	0.01	7	12	Fall
-0.65	30.83	2.8	0	8	12	Fall
-2.86	26.852	1.46	0.08	9	12	Fall
-2.9	26.78	1.76	0.1	10	12	Fall
-2.12	28.184	1.12	0.31	11	12	Fall
0.4	32.72	4.06	0.35	12	12	Fall
-6.48	20.336	2.34	0.59	13	12	Fall
-1.51	29.282	3.45	0.21	14	12	Fall
-9.52	14.864	3.4	0	15	12	Fall
-6.41	20.462	5.38	1.02	16	12	Fall
-8.95	15.89	5.54	0	17	12	Fall
-9.72	14.504	1.07	0.01	18	12	Fall
-3.52	25.664	1.61	0.07	19	12	Fall
-0.58	30.956	1.21	0.01	20	12	Fall
-2.85	26.87	3.35	0	21	12	Winter
-1.21	29.822	2.38	0	22	12	Winter
5.84	42.512	4.39	0.57	23	12	Winter
0.41	32.738	3.43	0	24	12	Winter
-0.12	31.784	3.67	0	25	12	Winter
-0.37	31.334	1.88	0	26	12	Winter
0.37	32.666	1.64	0.17	27	12	Winter
1.85	35.33	3.11	0.01	28	12	Winter
3.12	37.616	4.09	0.14	29	12	Winter
0.58	33.044	2.47	0.09	30	12	Winter
-1.1	30.02	1.79	0.53	31	12	Winter
